%YAML:1.0
M1: !!opencv-matrix
    rows: 3
    cols: 3
    dt: d
    data: [951.009746, 0.000000, 628.126381, 0.000000, 952.124366, 342.602503, 0.000000, 0.000000, 1.000000]
D1: !!opencv-matrix
    rows: 1
    cols: 4
    dt: d
    data: [-0.400754, 0.139102, 0.000000, 0.000000]
M2: !!opencv-matrix
    rows: 3
    cols: 3
    dt: d
    data: [951.986327, 0.000000, 633.826359, 0.000000, 954.877307, 346.367288, 0.000000, 0.000000, 1.000000]
D2: !!opencv-matrix
    rows: 1
    cols: 4
    dt: d
    data: [-0.400803, 0.151112, 0.000000, 0.000000]
R: !!opencv-matrix
    rows: 3
    cols: 3
    dt: d
    data: [0.999727, 0.000401, -0.023355, -0.000263, 0.999982, 0.005913, 0.023357, -0.005905, 0.999710]
T: !!opencv-matrix
    rows: 3
    cols: 1
    dt: d
    data: [-301.268297, 0.157781, 1.558239]
