%YAML:1.0
M1: !!opencv-matrix
    rows: 3
    cols: 3
    dt: d
    data: [1411.163061, 0.000000, 942.486130, 0.000000, 1412.674716, 516.066282, 0.000000, 0.000000, 1.000000]
D1: !!opencv-matrix
    rows: 1
    cols: 4
    dt: d
    data: [-0.389968, 0.141072, 0.000000, 0.000000]
M2: !!opencv-matrix
    rows: 3
    cols: 3
    dt: d
    data: [1429.207038, 0.000000, 953.679007, 0.000000, 1430.659526, 529.082384, 0.000000, 0.000000, 1.000000]
D2: !!opencv-matrix
    rows: 1
    cols: 4
    dt: d
    data: [-0.396876, 0.141325, 0.000000, 0.000000]
R: !!opencv-matrix
    rows: 3
    cols: 3
    dt: d
    data: [0.999797, -0.000775, -0.020123, 0.000752, 0.999999, -0.001156, 0.020124, 0.001140, 0.999797]
T: !!opencv-matrix
    rows: 3
    cols: 1
    dt: d
    data: [-307.359128, 2.043007, 12.215118]
