%YAML:1.0
M1: !!opencv-matrix
    rows: 3
    cols: 3
    dt: d
    data: [1060.728619, 0.000000, 599.658914, 0.000000, 796.728644, 433.414438, 0.000000, 0.000000, 1.000000]
D1: !!opencv-matrix
    rows: 1
    cols: 4
    dt: d
    data: [-0.297869, 0.098804, 0.000000, 0.000000]
M2: !!opencv-matrix
    rows: 3
    cols: 3
    dt: d
    data: [1060.422488, 0.000000, 561.308597, 0.000000, 795.358701, 400.370595, 0.000000, 0.000000, 1.000000]
D2: !!opencv-matrix
    rows: 1
    cols: 4
    dt: d
    data: [-0.379872, 0.459997, 0.000000, 0.000000]
R: !!opencv-matrix
    rows: 3
    cols: 3
    dt: d
    data: [0.998532, -0.001732, 0.054138, 0.001218, 0.999954, 0.009538, -0.054152, -0.009458, 0.998488]
T: !!opencv-matrix
    rows: 3
    cols: 1
    dt: d
    data: [-429.559661, 7.629956, 12.891665]
