%YAML:1.0
M1: !!opencv-matrix
    rows: 3
    cols: 3
    dt: d
    data: [1129.192242, 0.000000, 644.494667, 0.000000, 847.336658, 383.946016, 0.000000, 0.000000, 1.000000]
D1: !!opencv-matrix
    rows: 1
    cols: 4
    dt: d
    data: [-0.356723, 0.134352, 0.000000, 0.000000]
M2: !!opencv-matrix
    rows: 3
    cols: 3
    dt: d
    data: [1139.960944, 0.000000, 640.956478, 0.000000, 853.767788, 364.507989, 0.000000, 0.000000, 1.000000]
D2: !!opencv-matrix
    rows: 1
    cols: 4
    dt: d
    data: [-0.389701, 0.224915, 0.000000, 0.000000]
R: !!opencv-matrix
    rows: 3
    cols: 3
    dt: d
    data: [0.999212, 0.006669, -0.039125, -0.006748, 0.999975, -0.001899, 0.039111, 0.002161, 0.999233]
T: !!opencv-matrix
    rows: 3
    cols: 1
    dt: d
    data: [-206.645689, -0.059730, 1.373183]
