%YAML:1.0
M1: !!opencv-matrix
    rows: 3
    cols: 3
    dt: d
    data: [1431.215866, 0.000000, 951.250022, 0.000000, 1433.080707, 510.231887, 0.000000, 0.000000, 1.000000]
D1: !!opencv-matrix
    rows: 1
    cols: 4
    dt: d
    data: [-0.416916, 0.171456, 0.000000, 0.000000]
M2: !!opencv-matrix
    rows: 3
    cols: 3
    dt: d
    data: [1449.548352, 0.000000, 949.432151, 0.000000, 1450.346652, 522.081436, 0.000000, 0.000000, 1.000000]
D2: !!opencv-matrix
    rows: 1
    cols: 4
    dt: d
    data: [-0.414035, 0.148917, 0.000000, 0.000000]
R: !!opencv-matrix
    rows: 3
    cols: 3
    dt: d
    data: [0.999805, 0.001012, -0.019711, -0.001008, 0.999999, 0.000253, 0.019711, -0.000233, 0.999806]
T: !!opencv-matrix
    rows: 3
    cols: 1
    dt: d
    data: [-303.078211, 1.777666, 9.642194]
