%YAML:1.0
M1: !!opencv-matrix
    rows: 3
    cols: 3
    dt: d
    data: [1075.791419, 0.000000, 660.296121, 0.000000, 1074.988459, 354.600263, 0.000000, 0.000000, 1.000000]
D1: !!opencv-matrix
    rows: 1
    cols: 4
    dt: d
    data: [-0.347335, 0.148612, 0.000000, 0.000000]
M2: !!opencv-matrix
    rows: 3
    cols: 3
    dt: d
    data: [1074.683135, 0.000000, 642.455359, 0.000000, 1074.094491, 385.556548, 0.000000, 0.000000, 1.000000]
D2: !!opencv-matrix
    rows: 1
    cols: 4
    dt: d
    data: [-0.352868, 0.156249, 0.000000, 0.000000]
R: !!opencv-matrix
    rows: 3
    cols: 3
    dt: d
    data: [0.999985, -0.003895, -0.003773, 0.003737, 0.999144, -0.041193, 0.003930, 0.041178, 0.999144]
T: !!opencv-matrix
    rows: 3
    cols: 1
    dt: d
    data: [-551.313309, -2.259456, -7.769005]
