%YAML:1.0
M1: !!opencv-matrix
    rows: 3
    cols: 3
    dt: d
    data: [1099.672980, 0.000000, 594.159916, 0.000000, 824.433588, 394.169876, 0.000000, 0.000000, 1.000000]
D1: !!opencv-matrix
    rows: 1
    cols: 4
    dt: d
    data: [-0.332138, 0.136445, 0.000000, 0.000000]
M2: !!opencv-matrix
    rows: 3
    cols: 3
    dt: d
    data: [1086.757978, 0.000000, 579.385290, 0.000000, 816.195931, 368.854028, 0.000000, 0.000000, 1.000000]
D2: !!opencv-matrix
    rows: 1
    cols: 4
    dt: d
    data: [-0.342553, 0.210776, 0.000000, 0.000000]
R: !!opencv-matrix
    rows: 3
    cols: 3
    dt: d
    data: [0.999898, 0.006248, 0.012828, -0.006332, 0.999958, 0.006550, -0.012786, -0.006631, 0.999896]
T: !!opencv-matrix
    rows: 3
    cols: 1
    dt: d
    data: [-314.278859, -0.348817, -0.527146]
